0
Starting epoch  1
MAE : 0.752972161608
MAE(TRAINING) : 0.627700878512
Starting epoch  2
MAE : 0.761270798083
MAE(TRAINING) : 0.664096781505
Starting epoch  3
MAE : 0.767351999992
MAE(TRAINING) : 0.686285156158
